v<-c(q=23,w=45,e=78)
v
v["e"]